 0.11208E+00
 0.49257E+00
 0.89559E-02
 0.87792E-01
 0.16856E-01
 0.34931E-01
 0.34127E-01
 0.10834E+00
 0.28116E+00
 0.52374E-01
 0.18629E-01
 0.18856E-01
 0.98572E-02
 0.18856E-01
 0.11879E-01
 0.78237E-02
 0.17400E-01
 0.40234E-01
 0.13810E-01
 0.22877E-01
 0.32396E-01
 0.30543E-01
 0.15314E-01
 0.47122E-01
 0.24577E-01
 0.25952E-01
 0.78458E-01
 0.25713E-01
 0.62096E-02
 0.28033E-01
 0.26757E-01
 0.60416E-01
 0.31131E-01
 0.89559E-02
 0.19078E-01
 0.37026E-01
 0.15967E-01
 0.78237E-02
 0.14966E-01
 0.32089E-01
 0.39835E-01
 0.18629E-01
 0.15967E-01
 0.78237E-02
 0.26645E-01
 0.98572E-02
 0.10618E-01
 0.23615E-01
 0.78237E-02
 0.78237E-02
 0.29388E-01
 0.23471E-01
 0.29480E-01
 0.62096E-02
 0.62096E-02
 0.26757E-01
 0.26645E-01
 0.78237E-02
 0.25833E-01
 0.12419E-01
 0.98572E-02
 0.17132E-01
 0.33781E-01
 0.20655E+00
 0.24839E-01
 0.34865E-01
 0.11284E-01
 0.78237E-02
 0.78237E-02
 0.13810E-01
 0.20504E-01
 0.78237E-02
 0.27828E-01
 0.22877E-01
 0.12419E-01
 0.14217E-01
 0.13378E-01
 0.15647E-01
 0.10618E-01
 0.34332E-01
 0.20692E-01
 0.29663E-01
 0.22723E-01
 0.33781E-01
 0.17400E-01
 0.98572E-02
 0.11284E-01
 0.62096E-02
 0.78237E-02
 0.11879E-01
 0.26303E-01
 0.69101E-01
 0.62096E-02
 0.24037E-01
 0.12917E-01
 0.62096E-02
 0.18157E-01
 0.23615E-01
 0.60525E-01
 0.10618E-01
 0.31213E-01
 0.34127E-01
 0.39531E-01
 0.13810E-01
 0.37026E-01
 0.17659E-01
 0.32320E-01
 0.78237E-02
 0.16274E-01
 0.14601E-01
 0.32548E-01
 0.20877E-01
 0.12419E-01
 0.38265E-01
 0.89559E-02
 0.62096E-02
 0.22567E-01
 0.13378E-01
 0.14217E-01
 0.88957E-01
 0.10424E+00
 0.14601E-01
 0.98572E-02
 0.35699E-01
 0.11260E+00
 0.27195E-01
 0.23028E-01
 0.11879E-01
 0.38696E-01
 0.35510E-01
 0.16856E-01
 0.78237E-02
 0.24037E-01
